50.6321020036951,54.24733063218158,0,76_GIRIM_LATKI
50.62790541794757,54.24607370719488,0,77_GIRIM_LATKI
50.62328418583891,54.24611335438169,0,78_GIRIM_LATKI
50.62119361535255,54.24548615049291,0,79_GIRIM_LATKI
50.61734485016839,54.2455190956876,0,80_GIRIM_LATKI
50.61218285765977,54.24491899706112,0,81_GIRIM_LATKI
50.60987486211035,54.24493869889701,0,82_GIRIM_LATKI
50.60495321559364,54.24369494669225,0,83_GIRIM_LATKI
50.59491326513464,54.24185855611509,0,84_GIRIM_LATKI
50.59261284745397,54.24187803685017,0,85_GIRIM_LATKI
50.58902163584888,54.24126968187044,0,86_GIRIM_LATKI
50.58466953334845,54.240668605144,0,87_GIRIM_LATKI
50.58084015861892,54.24070089364018,0,88_GIRIM_LATKI
50.57930829070207,54.24071380103094,0,89_GIRIM_LATKI
50.57394628466835,54.24075894032313,0,90_GIRIM_LATKI
50.57164809438017,54.2407782680158,0,91_GIRIM_LATKI
50.56756862374976,54.23953943980146,0,92_GIRIM_LATKI
50.56680356889472,54.23954585464117,0,93_GIRIM_LATKI
50.56350076553971,54.23830407520529,0,94_GIRIM_LATKI
50.55841711041471,54.23771318753099,0,95_GIRIM_LATKI
50.55360818041212,54.23648923698188,0,96_GIRIM_LATKI
50.54930371338704,54.23589435562395,0,97_GIRIM_LATKI
50.54680053370944,54.23465647893539,0,98_GIRIM_LATKI
50.54527856153827,54.23466908935316,0,99_GIRIM_LATKI
50.53946760650763,54.23408917561153,0,100_GIRIM_LATKI
50.5342263102308,54.23225375658601,0,101_GIRIM_LATKI
50.53270827752568,54.23226625069278,0,102_GIRIM_LATKI
50.52796513526567,54.2310572173438,0,103_GIRIM_LATKI
50.52521973825254,54.23045704372093,0,104_GIRIM_LATKI
50.52200987961609,54.22924059109369,0,105_GIRIM_LATKI
50.51381461351005,54.22744989359253,0,106_GIRIM_LATKI
50.51079444448303,54.22747444025058,0,107_GIRIM_LATKI
50.50626374561431,54.22751122309098,0,108_GIRIM_LATKI
50.50052554509612,54.22694023192408,0,109_GIRIM_LATKI
50.4970576575951,54.22635163637269,0,110_GIRIM_LATKI
50.49585574123081,54.22574557188858,0,111_GIRIM_LATKI
50.49270426895282,54.22454204090459,0,112_GIRIM_LATKI
50.48912037268065,54.22273394625837,0,113_GIRIM_LATKI
50.48705073630423,54.22092141676806,0,114_GIRIM_LATKI
50.48498985127798,54.21911651434859,0,115_GIRIM_LATKI
50.48219123528191,54.21732511637502,0,116_GIRIM_LATKI
50.48163903051008,54.21552349740793,0,117_GIRIM_LATKI
50.47928859567094,54.21434231505836,0,118_GIRIM_LATKI
50.47725987054905,54.21256495026065,0,119_GIRIM_LATKI
50.47555505124252,54.21019890018813,0,120_GIRIM_LATKI
50.47472005273217,54.20792003038017,0,4_LATKI_WW705_
50.47287715941244,54.20569762815425,0,5_LATKI_WW705_
50.47177881456769,54.20437307316996,0,6_LATKI_WW705_
50.47078150131087,54.20261326186677,0,7_LATKI_WW705_
50.46979081101889,54.20086512624868,0,8_LATKI_WW705_
50.46890306619557,54.19869323960882,0,9_LATKI_WW705_
50.46792592978834,54.19697098778855,0,10_LATKI_WW705_
50.46785957151887,54.19525222525074,0,11_LATKI_WW705_
50.46734295889799,54.19354863874936,0,12_LATKI_WW705_
50.46692632985508,54.19143288283299,0,13_LATKI_WW705_
50.46631978894145,54.1901747626851,0,14_LATKI_WW705_
50.46581318696634,54.1885042544247,0,15_LATKI_WW705_
50.46505939462373,54.18601871805078,0,16_LATKI_WW705_
50.46456090391876,54.18437502623784,0,17_LATKI_WW705_
50.46406561536895,54.18274188677698,0,18_LATKI_WW705_
50.46357347985362,54.18111918575454,0,19_LATKI_WW705_
50.46352289337754,54.17950316185547,0,20_LATKI_WW705_
50.463665729288,54.17709656519791,0,21_LATKI_WW705_
50.46337292926786,54.17471642694665,0,22_LATKI_WW705_
50.46289067028026,54.17314455102268,0,23_LATKI_WW705_
50.46284292069655,54.17157898042034,0,24_LATKI_WW705_
50.46279544963114,54.17002321273575,0,25_LATKI_WW705_
50.4629388172847,54.16770600112882,0,26_LATKI_WW705_
50.46246459413305,54.16617784898007,0,27_LATKI_WW705_
50.46208848602514,54.16427919905149,0,28_LATKI_WW705_
50.46190502028254,54.1616428712116,0,29_LATKI_WW705_
50.4613448821603,54.16052557388189,0,30_LATKI_WW705_
50.46116671785769,54.15792940490363,0,31_LATKI_WW705_
50.46080175966548,54.15609382333851,0,32_LATKI_WW705_
50.46076177837088,54.15463337471309,0,33_LATKI_WW705_
50.46030659445782,54.15318505475659,0,34_LATKI_WW705_
50.46026831590287,54.151742166341,0,35_LATKI_WW705_
50.4600988492001,54.14923873765216,0,36_LATKI_WW705_
50.45955696559837,54.1481775490859,0,37_LATKI_WW705_
50.45879571704042,54.14641833001089,0,38_LATKI_WW705_
50.4581342642114,54.14432252707397,0,39_LATKI_WW705_
50.45788454466413,54.14224209418036,0,40_LATKI_WW705_
50.45773055421732,54.13983703416811,0,41_LATKI_WW705_
50.45711083546944,54.13915884314286,0,42_LATKI_WW705_
50.45696175176236,54.13678527634808,0,43_LATKI_WW705_
50.45730590392044,54.13409821087677,0,44_LATKI_WW705_
50.45736991959953,54.13243571268866,0,45_LATKI_WW705_
50.45724950433845,54.13144516861285,0,46_LATKI_WW705_
50.45670754128401,54.12915243812864,0,47_LATKI_WW705_
50.45628789697148,54.12785343528563,0,48_LATKI_WW705_
50.45605454335023,54.12591583739045,0,49_LATKI_WW705_
50.45543317097947,54.12399760793458,0,50_LATKI_WW705_
50.45531903102297,54.12304313652751,0,51_LATKI_WW705_
50.45490888140768,54.1217787007203,0,52_LATKI_WW705_
50.45400357690068,54.11958439664758,0,53_LATKI_WW705_
50.45389353767752,54.11864851936312,0,54_LATKI_WW705_
50.45319916230792,54.11710117276594,0,55_LATKI_WW705_
50.45298409782925,54.11525403264523,0,56_LATKI_WW705_
50.45267919677415,54.1137273822095,0,57_LATKI_WW705_
50.45228478079467,54.11251473933753,0,58_LATKI_WW705_
50.45227149150482,54.11130601698056,0,59_LATKI_WW705_
50.4515940703085,54.10980920007677,0,60_LATKI_WW705_
50.45091179785689,54.1071367923648,0,61_LATKI_WW705_
50.4509935085281,54.10566295253742,0,62_LATKI_WW705_
50.45061082986678,54.10449425396511,0,63_LATKI_WW705_
50.45004068195688,54.10275300181507,0,64_LATKI_WW705_
50.4501244457302,54.10130874227315,0,65_LATKI_WW705_
50.44983861217837,54.09987675813393,0,66_LATKI_WW705_
50.44965110794743,54.09930715895373,0,67_LATKI_WW705_
50.44918217048798,54.09732420085626,0,68_LATKI_WW705_
50.44871756327538,54.09535960744761,0,69_LATKI_WW705_
50.44889811669732,54.09479946400637,0,70_LATKI_WW705_
50.44871058748552,54.09313293165649,0,71_LATKI_WW705_
50.4485245143685,54.09147951632099,0,72_LATKI_WW705_
50.44825038755129,54.09011240392005,0,73_LATKI_WW705_
50.44788852840073,54.0890261091731,0,74_LATKI_WW705_
50.44743892818084,54.08821632092102,0,75_LATKI_WW705_
50.44743875694955,54.0871374282889,0,76_LATKI_WW705_
50.447170945144,54.08579848369318,0,77_LATKI_WW705_
50.44681560908538,54.08473450543077,0,78_LATKI_WW705_
50.44664047333096,54.0831463939802,0,79_LATKI_WW705_
50.44602442902531,54.08183545183761,0,80_LATKI_WW705_
50.44550155000047,54.08027192088874,0,81_LATKI_WW705_
50.44472136223222,54.07846400402313,0,82_LATKI_WW705_
50.44446770621327,54.07718043573561,0,83_LATKI_WW705_
50.44395663427302,54.07565221105892,0,84_LATKI_WW705_
50.44378713344385,54.07514536644369,0,85_LATKI_WW705_
50.4429349532338,54.07363472161612,0,86_LATKI_WW705_
50.44225528034276,54.07263466227928,0,87_LATKI_WW705_
50.44184764984983,54.07089145890615,0,88_LATKI_WW705_
50.44160761575316,54.06965526578222,0,89_LATKI_WW705_
50.44136905947406,54.06842672096599,0,90_LATKI_WW705_
50.44003834673396,54.06648290910329,0,91_LATKI_WW705_
50.44005627704573,54.06551378508394,0,92_LATKI_WW705_
50.43964645181366,54.06479277770536,0,93_LATKI_WW705_
50.43932751727838,54.0638340964036,0,94_LATKI_WW705_
50.43952501497557,54.06240054608679,0,95_LATKI_WW705_
50.43945527324667,54.06168876971256,0,96_LATKI_WW705_
50.43889314183724,54.06051105337358,0,97_LATKI_WW705_
50.43860057464163,54.05863767969687,0,98_LATKI_WW705_
50.43837761181623,54.05747623499561,0,99_LATKI_WW705_
50.4380015294452,54.05586231281112,0,100_LATKI_WW705_
50.43793566277357,54.05517417299874,0,101_LATKI_WW705_
50.43690596772844,54.05358351867924,0,102_LATKI_WW705_
50.43677913772122,54.05222595350949,0,103_LATKI_WW705_
50.43600018007961,54.05088203055679,0,104_LATKI_WW705_
50.43578931719988,54.04976667265914,0,105_LATKI_WW705_
50.43516683978872,54.04888188789381,0,106_LATKI_WW705_
50.434635699733,54.04778023472551,0,107_LATKI_WW705_
50.43428431146128,54.04624635157336,0,108_LATKI_WW705_
50.43361460420777,54.04472688127324,0,109_LATKI_WW705_
50.43286197911174,54.0434353661941,0,110_LATKI_WW705_
50.43271883368283,54.0430062015877,0,111_LATKI_WW705_
50.4320260110408,54.04236719013328,0,112_LATKI_WW705_
50.43114322215105,54.04066817191713,0,113_LATKI_WW705_
50.43077461807958,54.04003528561765,0,114_LATKI_WW705_
50.43072386530194,54.03940269650764,0,115_LATKI_WW705_
50.43021875503245,54.03835567996686,0,116_LATKI_WW705_
50.429627760269,54.03752346809664,0,117_LATKI_WW705_
50.42890326263923,54.03628128316284,0,118_LATKI_WW705_
50.42818366588987,54.03504751340996,0,119_LATKI_WW705_
50.42782569750545,54.03443375216188,0,120_LATKI_WW705_
50.42742462360052,54.03321062857501,0,121_LATKI_WW705_
50.42675904497475,54.03260485389416,0,122_LATKI_WW705_
50.42701214627545,54.02701178640879,0,123_LATKI_WW705_
50.42662362617296,54.02557698578013,0,124_LATKI_WW705_
50.42656074213105,54.02486353345255,0,125_LATKI_WW705_
50.42611125649935,54.02368488461293,0,126_LATKI_WW705_
50.42585747039662,54.02274769691456,0,127_LATKI_WW705_
50.42503193885655,54.02112490824463,0,128_LATKI_WW705_
50.42484970654617,54.01997308125549,0,129_LATKI_WW705_
50.42460291933918,54.01905888476202,0,130_LATKI_WW705_
50.42448009497816,54.01860389328432,0,131_LATKI_WW705_
50.42430149781556,54.01747145304914,0,132_LATKI_WW705_
50.42375099700312,54.01590309270731,0,133_LATKI_WW705_
50.42363077119396,54.01545775620108,0,134_LATKI_WW705_
50.42345727300296,54.01434927242288,0,135_LATKI_WW705_
50.42316663083269,54.01281186712189,0,136_LATKI_WW705_
50.42299642220367,54.01172333285738,0,137_LATKI_WW705_
50.42277614275995,54.00999819039831,0,138_LATKI_WW705_
50.42265977864764,54.00957063147233,0,139_LATKI_WW705_
50.42255846381946,54.00829355834791,0,140_LATKI_WW705_
50.42250813587089,54.00765928364125,0,141_LATKI_WW705_
50.42271672838713,54.00618758989032,0,142_LATKI_WW705_
50.42243790215027,54.0047349604175,0,143_LATKI_WW705_
50.42245264686556,54.00391017091479,0,144_LATKI_WW705_
50.42240329503274,54.00329522665731,0,145_LATKI_WW705_
50.42217737343367,54.0024807636009,0,146_LATKI_WW705_
50.42190488155783,54.00106583483628,0,147_LATKI_WW705_
50.42174600054846,54.00006364333715,0,148_LATKI_WW705_
50.4216518619782,53.99886975954941,0,149_LATKI_WW705_
50.42143163496515,53.99808078221025,0,150_LATKI_WW705_
50.42144885243263,53.99729444999892,0,151_LATKI_WW705_
50.42112170454281,53.99612610464806,0,152_LATKI_WW705_
50.4211396704539,53.99535089304744,0,153_LATKI_WW705_
50.42104964740399,53.99419719824383,0,154_LATKI_WW705_
50.4206019440972,53.99343648733854,0,155_LATKI_WW705_
50.42068396900297,53.99248665567579,0,156_LATKI_WW705_
50.42036571388839,53.99135882117378,0,157_LATKI_WW705_
50.42011272025181,53.99005400616732,0,158_LATKI_WW705_
50.4201330382373,53.98931282876352,0,159_LATKI_WW705_
50.41998688622181,53.98839342222575,0,160_LATKI_WW705_
50.41951105771532,53.98711892478789,0,161_LATKI_WW705_
50.41926610798615,53.98585490206512,0,162_LATKI_WW705_
50.41873599538418,53.98478345017826,0,163_LATKI_WW705_
50.41865915175046,53.98371734447275,0,164_LATKI_WW705_
50.41829729026047,53.98283774582578,0,165_LATKI_WW705_
50.41832191741199,53.98213601186169,0,166_LATKI_WW705_
50.41824750210404,53.98109130379134,0,167_LATKI_WW705_
50.41811210666961,53.98022766387881,0,168_LATKI_WW705_
50.41819833406647,53.97936816384654,0,169_LATKI_WW705_
50.41774685963469,53.97817862542703,0,170_LATKI_WW705_
50.41783359422738,53.97733272873794,0,171_LATKI_WW705_
50.41776242570183,53.97632628390736,0,172_LATKI_WW705_
50.41747457841922,53.97532932983646,0,173_LATKI_WW705_
50.41734468312348,53.97450372462603,0,174_LATKI_WW705_
50.41721562880748,53.97368349959695,0,175_LATKI_WW705_
50.41708740816656,53.97286859975536,0,176_LATKI_WW705_
50.41702034383366,53.97189707017899,0,177_LATKI_WW705_
50.41680054818965,53.97077411765287,0,178_LATKI_WW705_
50.41649052595936,53.96934531887033,0,179_LATKI_WW705_
50.41612414735974,53.9680896726836,0,180_LATKI_WW705_
50.41570158566391,53.96700215287056,0,181_LATKI_WW705_
50.41501349611838,53.96607991237016,0,182_LATKI_WW705_
50.41489604850195,53.96531355688961,0,183_LATKI_WW705_
50.41436342706778,53.96455487190034,0,184_LATKI_WW705_
50.41374755449476,53.96349979381749,0,185_LATKI_WW705_
50.41319741437697,53.9623041960393,0,186_LATKI_WW705_
50.41259230305103,53.96126860762522,0,187_LATKI_WW705_
50.41199239302154,53.96024192522674,0,188_LATKI_WW705_
50.41127614512005,53.9595159253707,0,189_LATKI_WW705_
50.41080794787507,53.95821482075721,0,190_LATKI_WW705_
50.41014346266128,53.95692925930064,0,191_LATKI_WW705_
50.40970448048155,53.95607998202545,0,192_LATKI_WW705_
50.40946862612007,53.95523551464339,0,193_LATKI_WW705_
50.40909605831939,53.95425864046162,0,194_LATKI_WW705_
50.40880348087829,53.95356606291579,0,195_LATKI_WW705_
50.40843633591909,53.95260312102946,0,196_LATKI_WW705_
50.40814779951051,53.95192038543613,0,197_LATKI_WW705_
50.40772525456286,53.95110693994882,0,198_LATKI_WW705_
50.40744068558605,53.9504330377568,0,199_LATKI_WW705_
50.40721849051514,53.9496288261304,0,200_LATKI_WW705_
50.40693724636834,53.9489635979546,0,201_LATKI_WW705_
50.40679107170131,53.94843371243064,0,202_LATKI_WW705_
50.40645192357857,53.94790753597625,0,203_LATKI_WW705_
50.40636811466695,53.94725110415149,0,204_LATKI_WW705_
50.40589973117172,53.94660091785575,0,205_LATKI_WW705_
50.40562603721634,53.94595326954771,0,206_LATKI_WW705_
50.4050318355675,53.94518269622364,0,207_LATKI_WW705_
50.40489247453836,53.94467033035537,0,208_LATKI_WW705_
50.40468463938116,53.94390618081656,0,209_LATKI_WW705_
50.40454686604826,53.94339966208,0,210_LATKI_WW705_
50.40421275959088,53.94251938863921,0,211_LATKI_WW705_
50.40420517028889,53.94214343660764,0,212_LATKI_WW705_
50.4054215805601,53.92952814874379,0,213_LATKI_WW705_
50.40559298706862,53.92616447187958,0,214_LATKI_WW705_
50.40513102515934,53.9219954404749,0,215_LATKI_WW705_
50.4061981019833,53.91867385399202,0,216_LATKI_WW705_
50.40547133950916,53.91538670121461,0,217_LATKI_WW705_
50.40385859488028,53.9121270334018,0,218_LATKI_WW705_
50.40225610579225,53.90888804705284,0,219_LATKI_WW705_
50.40181444096157,53.90485695599997,0,220_LATKI_WW705_
50.40084543507624,53.90245868699063,0,221_LATKI_WW705_
50.39988100905902,53.90007174070919,0,222_LATKI_WW705_
50.39918686704466,53.89690243299295,0,223_LATKI_WW705_
50.39876201574526,53.89296560111952,0,224_LATKI_WW705_
50.39693977443717,53.89062937130134,0,225_LATKI_WW705_
50.39652617839346,53.88674139075389,0,226_LATKI_WW705_
50.39558656106169,53.8844279544708,0,227_LATKI_WW705_
50.39491610208761,53.88135600548046,0,228_LATKI_WW705_
50.39477740993813,53.87677754178994,0,229_LATKI_WW705_
50.39530342949506,53.8752568099816,0,230_LATKI_WW705_
50.39457127599124,53.86998864488288,0,231_LATKI_WW705_
50.39417441062761,53.86625919622343,0,232_LATKI_WW705_
50.39410727029637,53.8640339661238,0,233_LATKI_WW705_
50.39429997584321,53.86108079168066,0,234_LATKI_WW705_
50.39474960481491,53.85741298827929,0,235_LATKI_WW705_
50.39442384648655,53.8559570248887,0,236_LATKI_WW705_
50.39512666723444,53.85160402378977,0,237_LATKI_WW705_
50.39447869726411,53.84873120798113,0,238_LATKI_WW705_
50.39575275215806,53.84515032921686,0,239_LATKI_WW705_
50.39485333103926,53.84302565154803,0,240_LATKI_WW705_
50.39503879835644,53.84019823911851,0,241_LATKI_WW705_
50.39465095981991,53.83669152655681,0,242_LATKI_WW705_
50.39483555254861,53.83390146540734,0,243_LATKI_WW705_
50.39419983487877,53.83113313836193,0,244_LATKI_WW705_
50.39381837576288,53.82769277148317,0,245_LATKI_WW705_
50.39375363409131,53.82563951165432,0,246_LATKI_WW705_
50.39337581156934,53.82223902718798,0,247_LATKI_WW705_
50.39356078613857,53.81953321237353,0,248_LATKI_WW705_
50.39318588011596,53.81617677648419,0,249_LATKI_WW705_
50.39337001886712,53.81350589829016,0,250_LATKI_WW705_
50.39219728291214,53.81019773959046,0,251_LATKI_WW705_
50.39158444275232,53.80756614087653,0,252_LATKI_WW705_
50.39097504041471,53.80494949618828,0,253_LATKI_WW705_
50.38982144411602,53.80170201289965,0,254_LATKI_WW705_
50.38842982659367,53.79912347340826,0,255_LATKI_WW705_
50.38783477296226,53.79655449425233,0,256_LATKI_WW705_
50.387538483703,53.79527541884996,0,257_LATKI_WW705_
50.38694836379705,53.79272801703061,0,258_LATKI_WW705_
50.38582396214618,53.7895661759935,0,259_LATKI_WW705_
50.38417323491483,53.78580284060399,0,260_LATKI_WW705_
50.38282126517643,53.78331288043466,0,261_LATKI_WW705_
50.38196822067124,53.77959659677902,0,262_LATKI_WW705_
50.38217516843245,53.77713145766845,0,263_LATKI_WW705_
50.38136685648004,53.77529730311575,0,264_LATKI_WW705_
50.38028290023063,53.77225554042388,0,265_LATKI_WW705_
50.37920625911975,53.76923448296962,0,266_LATKI_WW705_
50.37761918862341,53.76563805127992,0,267_LATKI_WW705_
50.37683047873135,53.76385077061286,0,268_LATKI_WW705_
50.37577561244373,53.76088653339053,0,269_LATKI_WW705_
50.37548279291147,53.75793779685514,0,270_LATKI_WW705_
50.37443938523343,53.7550132103353,0,271_LATKI_WW705_
50.37289666776972,53.75153117343903,0,272_LATKI_WW705_
50.3723733359725,53.7492223580442,0,273_LATKI_WW705_
50.37160965091197,53.74750094072272,0,274_LATKI_WW705_
50.36984794411355,53.74464988946802,0,275_LATKI_WW705_
50.36859524072708,53.74238170569388,0,276_LATKI_WW705_
50.36734916304309,53.74012542710668,0,277_LATKI_WW705_
50.36537202352626,53.73788511151373,0,278_LATKI_WW705_
50.36414087423439,53.73565233106379,0,279_LATKI_WW705_
50.36316038049215,53.73454235322857,0,280_LATKI_WW705_
50.36145262607085,53.73177593214798,0,281_LATKI_WW705_
50.35951009117555,53.72957891256265,0,282_LATKI_WW705_
50.3570961055088,53.72684854142279,0,283_LATKI_WW705_
50.35613486603116,53.72576130778438,0,284_LATKI_WW705_
50.3542198246567,53.72359519993787,0,285_LATKI_WW705_
50.35206620738693,53.72198181762803,0,286_LATKI_WW705_
50.3513657487831,53.72036676596307,0,287_LATKI_WW705_
50.34972416741033,53.71769134899611,0,288_LATKI_WW705_
50.3483130250813,53.71609658385413,0,289_LATKI_WW705_
50.3461899277971,53.71451172179731,0,290_LATKI_WW705_
50.34504132395628,53.71239898680958,0,291_LATKI_WW705_
50.34436220295087,53.71082051277151,0,292_LATKI_WW705_
50.34272213847282,53.70977781075706,0,293_LATKI_WW705_
50.33970662080635,53.70717681262165,0,294_LATKI_WW705_
50.33904188723375,53.70561807636808,0,295_LATKI_WW705_
50.3371659920391,53.70510844109264,0,296_LATKI_WW705_
50.33443883986931,53.70201967859941,0,297_LATKI_WW705_
50.33398630728467,53.70150712281006,0,298_LATKI_WW705_
50.33077304129788,53.69947054781002,0,299_LATKI_WW705_
50.32872516673515,53.69794788768891,0,300_LATKI_WW705_
50.32783228905396,53.69693352357859,0,301_LATKI_WW705_
50.32420968717819,53.69441566578726,0,302_LATKI_WW705_
50.32104840535375,53.69241388529287,0,303_LATKI_WW705_
50.3187760726398,53.69142015847088,0,304_LATKI_WW705_
50.31677051996577,53.68992710273792,0,305_LATKI_WW705_
50.31546736596494,53.6884360576566,0,306_LATKI_WW705_
50.31416899210897,53.68695047661102,0,307_LATKI_WW705_
50.31192037639632,53.68596996136883,0,308_LATKI_WW705_
50.31010570047057,53.68548399488685,0,309_LATKI_WW705_
50.30579113934952,53.6845171428705,0,310_LATKI_WW705_
50.30010504699569,53.68355923892302,0,311_LATKI_WW705_
50.29786024157392,53.67962420189211,0,5_WW705_WW505_
50.29482875042014,53.67710133150183,0,6_WW705_WW505_
50.29302081896683,53.67509227563345,0,7_WW705_WW505_
50.29122330125708,53.67309466515974,0,8_WW705_WW505_
50.28883451903289,53.67161031471056,0,9_WW705_WW505_
50.28407375606098,53.66965062075209,0,10_WW705_WW505_
50.2811074460035,53.66867848964795,0,11_WW705_WW505_
50.27814948399593,53.66770904674505,0,12_WW705_WW505_
50.2746054272838,53.66674586655911,0,13_WW705_WW505_
50.27166486643191,53.66578175007965,0,14_WW705_WW505_
50.26871468851081,53.6653095939179,0,15_WW705_WW505_
50.26636136375926,53.66483450524434,0,16_WW705_WW505_
50.261049119433,53.66437776461427,0,17_WW705_WW505_
50.25577094378416,53.66343419998234,0,18_WW705_WW505_
50.25106773529152,53.66297564503757,0,19_WW705_WW505_
50.249357002202,53.66201478354932,0,20_WW705_WW505_
50.24594991807739,53.66010104162555,0,21_WW705_WW505_
50.2425256418489,53.6586778489564,0,22_WW705_WW505_
50.23962560871313,53.65821507739322,0,23_WW705_WW505_
50.23676977682315,53.65727421098461,0,24_WW705_WW505_
50.23279343417514,53.65586599095153,0,25_WW705_WW505_
50.22950802613207,53.65351257098203,0,26_WW705_WW505_
50.22615071551979,53.65211631751618,0,27_WW705_WW505_
50.22053474809859,53.65027010968291,0,28_WW705_WW505_
50.2194775141735,53.64934079224089,0,29_WW705_WW505_
50.21552836402304,53.6484304981975,0,30_WW705_WW505_
50.21222484715157,53.64705481068349,0,31_WW705_WW505_
50.20841741938406,53.64522593346579,0,32_WW705_WW505_
50.20668856331076,53.64523567105508,0,33_WW705_WW505_
50.20450719084212,53.64432649901914,0,34_WW705_WW505_
50.20067183174673,53.64297050990682,0,35_WW705_WW505_
50.19506407257878,53.64208654936621,0,36_WW705_WW505_
50.19290863807594,53.64118575551101,0,37_WW705_WW505_
50.18854280875664,53.63984537004802,0,38_WW705_WW505_
50.18739920961665,53.63985167829714,0,39_WW705_WW505_
50.18526129035159,53.63895680827303,0,40_WW705_WW505_
50.18305311678869,53.63851652905649,0,41_WW705_WW505_
50.17872442287555,53.63718662413456,0,42_WW705_WW505_
50.17538794158888,53.63675481471574,0,43_WW705_WW505_
50.17327601558636,53.6358681052038,0,44_WW705_WW505_
50.17270752890394,53.63587118998125,0,45_WW705_WW505_
50.16784915824084,53.63455467595033,0,46_WW705_WW505_
50.16509987387931,53.63412308086141,0,47_WW705_WW505_
50.16244370002371,53.63324630467717,0,48_WW705_WW505_
50.1591373204431,53.63281937682136,0,49_WW705_WW505_
50.15583514728279,53.63239295441414,0,50_WW705_WW505_
50.15282478852961,53.63063862808024,0,51_WW705_WW505_
50.14973294318263,53.62933340937319,0,52_WW705_WW505_
50.14384335744078,53.62804805096078,0,53_WW705_WW505_
50.13909855874974,53.62676169659304,0,54_WW705_WW505_
50.13661181672496,53.62546864544974,0,55_WW705_WW505_
50.13235003874216,53.62462291245093,0,56_WW705_WW505_
50.12653599581788,53.62335538553229,0,57_WW705_WW505_
50.12508798724358,53.62250065722432,0,58_WW705_WW505_
50.12241564401933,53.62208408326866,0,59_WW705_WW505_
50.12086016618471,53.62166233820437,0,60_WW705_WW505_
50.11731716721308,53.62039467792783,0,61_WW705_WW505_
50.1157690158429,53.61997507815055,0,62_WW705_WW505_
50.11279935787363,53.61871108791183,0,63_WW705_WW505_
50.10916524582726,53.61787945060477,0,64_WW705_WW505_
50.10554038883171,53.61704987473971,0,65_WW705_WW505_
50.10247699727375,53.6162196146387,0,66_WW705_WW505_
50.10039633530511,53.61580799907253,0,67_WW705_WW505_
50.09721511462969,53.61540233258258,0,68_WW705_WW505_
50.09361913142966,53.61457886880136,0,69_WW705_WW505_
50.09058250419007,53.61375474854812,0,70_WW705_WW505_
50.08810317183234,53.61293000517367,0,71_WW705_WW505_
50.08672793222251,53.6121020009062,0,72_WW705_WW505_
50.08535622868603,53.61127612064577,0,73_WW705_WW505_
50.08221564395653,53.60921931328657,0,74_WW705_WW505_
50.07990468750439,53.60799360735491,0,75_WW705_WW505_
50.07774385663174,53.60636225853615,0,76_WW705_WW505_
50.07571027535157,53.60596280715745,0,77_WW705_WW505_
50.07327979357815,53.60515765839251,0,78_WW705_WW505_
50.07031305313559,53.60435705600965,0,79_WW705_WW505_
50.06685919339604,53.6044767119135,0,6_WW505_WW405_
50.06533401421468,53.6031711840756,0,7_WW505_WW405_
50.06280358624524,53.60144167030113,0,8_WW505_WW405_
50.06028791203393,53.5997221452228,0,9_WW505_WW405_
50.05828457714767,53.59843958012638,0,10_WW505_WW405_
50.05677811054163,53.59801713545875,0,11_WW505_WW405_
50.05477898396283,53.59716943249139,0,12_WW505_WW405_
50.05127671817735,53.5963310002404,0,13_WW505_WW405_
50.04528901755548,53.59508112437222,0,14_WW505_WW405_
50.04480353441898,53.59465886534839,0,15_WW505_WW405_
50.0413491973831,53.59340469797451,0,16_WW505_WW405_
50.03936738024163,53.59299155185139,0,17_WW505_WW405_
50.03688848571071,53.59258120513771,0,18_WW505_WW405_
50.03296437872563,53.59133797968853,0,19_WW505_WW405_
50.02952731903703,53.59051572537028,0,20_WW505_WW405_
50.02808973987682,53.58968696348092,0,21_WW505_WW405_
50.02417242917949,53.58887145239279,0,22_WW505_WW405_
50.02125823260584,53.58805382084515,0,23_WW505_WW405_
50.01785677072514,53.58724060211461,0,24_WW505_WW405_
50.01640714318054,53.58683375095406,0,25_WW505_WW405_
50.01400839029028,53.58601958681068,0,26_WW505_WW405_
50.01207040678998,53.58561655309784,0,27_WW505_WW405_
50.00972409338867,53.58439588933855,0,28_WW505_WW405_
50.00443535321971,53.58319294831505,0,29_WW505_WW405_
49.99818627096077,53.58199904531431,0,30_WW505_WW405_
49.99725409059698,53.58159729358984,0,31_WW505_WW405_
49.99485187056236,53.58120231011103,0,32_WW505_WW405_
49.99109113081382,53.58000610366341,0,33_WW505_WW405_
49.98924436836492,53.57920862908816,0,34_WW505_WW405_
49.98745942722618,53.57801247003322,0,35_WW505_WW405_
49.98562413183516,53.57722048207823,0,36_WW505_WW405_
49.9828807163469,53.57603656725694,0,37_WW505_WW405_
49.98111892352598,53.57485352688859,0,38_WW505_WW405_
49.97936446617315,53.57367536776427,0,39_WW505_WW405_
49.97539520186687,53.57133551414917,0,40_WW505_WW405_
49.97449593147686,53.57094837384312,0,41_WW505_WW405_
49.97139168425642,53.56940312164349,0,42_WW505_WW405_
49.96953780838345,53.56902243100953,0,43_WW505_WW405_
49.96823541419579,53.56825301327263,0,44_WW505_WW405_
49.96502083348859,53.56749326451934,0,45_WW505_WW405_
49.96372812469398,53.56672797535835,0,46_WW505_WW405_
49.96005056678646,53.56597412806931,0,47_WW505_WW405_
49.95598282133415,53.56484145062883,0,48_WW505_WW405_
49.95280391370777,53.56409066400929,0,49_WW505_WW405_
49.94923946905837,53.56296358183455,0,50_WW505_WW405_
49.94750390784468,53.5622122466237,0,51_WW505_WW405_
49.94663789070265,53.56183733120196,0,52_WW505_WW405_
49.94396200628248,53.56109260190414,0,53_WW505_WW405_
49.94043424536849,53.55997736888858,0,54_WW505_WW405_
49.93910397939727,53.55960719376306,0,55_WW505_WW405_
49.9365383103064,53.55849426573561,0,56_WW505_WW405_
49.93445349456857,53.55738399677369,0,57_WW505_WW405_
49.93153030701863,53.55591107649365,0,58_WW505_WW405_
49.92768640493244,53.55444935359456,0,59_WW505_WW405_
49.92479664294744,53.55299187148842,0,60_WW505_WW405_
49.92471625047048,53.55153196496423,0,61_WW505_WW405_
49.92341650035992,53.55117281242003,0,62_WW505_WW405_
49.92092079977085,53.55009314349308,0,63_WW505_WW405_
49.91889849652394,53.54901603575913,0,64_WW505_WW405_
49.91770904301574,53.54829975917369,0,65_WW505_WW405_
49.91569971208038,53.54722966328284,0,66_WW505_WW405_
49.91277593232972,53.54616695869054,0,67_WW505_WW405_
49.91032383951174,53.54510675130851,0,68_WW505_WW405_
49.90869443281419,53.54440221982542,0,69_WW505_WW405_
49.90650303396191,53.54405537674229,0,70_WW505_WW405_
49.90361407444632,53.54300485391732,0,71_WW505_WW405_
49.90199964766146,53.54230570098707,0,72_WW505_WW405_
49.90004294519253,53.54125878713378,0,73_WW505_WW405_
49.89626883313478,53.54022201737397,0,74_WW505_WW405_
49.89535628334924,53.54022506880838,0,75_WW505_WW405_
49.89330505942836,53.53953451929678,0,76_WW505_WW405_
49.88852808198389,53.53885473130259,0,77_WW505_WW405_
49.88558146850679,53.53817058567367,0,78_WW505_WW405_
49.88107105388496,53.53680294200561,0,79_WW505_WW405_
49.87567864554015,53.53544502980235,0,80_WW505_WW405_
49.87276665260234,53.53476930018256,0,81_WW505_WW405_
49.87089309114141,53.53375099251722,0,82_WW505_WW405_
49.86844676325529,53.53307804197441,0,83_WW505_WW405_
49.86537002050805,53.53173153430374,0,84_WW505_WW405_
49.8642862830708,53.53105942900228,0,85_WW505_WW405_
49.86199392495075,53.53005650812054,0,86_WW505_WW405_
49.85997881661258,53.5283879109206,0,87_WW505_WW405_
49.85815190280463,53.52739367624072,0,88_WW505_WW405_
49.85633186795447,53.52640317317925,0,89_WW505_WW405_
49.85496276415141,53.52541505391592,0,90_WW505_WW405_
49.85240707711595,53.52410550128424,0,91_WW505_WW405_
49.85135523125501,53.52345251066964,0,92_WW505_WW405_
49.8491200057565,53.52247799501648,0,93_WW505_WW405_
49.84719339024478,53.52183158737807,0,94_WW505_WW405_
49.84629361096034,53.52085926333835,0,95_WW505_WW405_
49.84539722905294,53.51989057807646,0,96_WW505_WW405_
49.84333054450014,53.51860707655344,0,97_WW505_WW405_
49.84171140508454,53.51732867865024,0,98_WW505_WW405_
49.84038685601228,53.51541988407394,0,99_WW505_WW405_
49.8395108513551,53.51447138295016,0,100_WW505_WW405_
49.83878168951038,53.51321098968674,0,101_WW505_WW405_
49.83776715809029,53.51164450069179,0,102_WW505_WW405_
49.83747766802195,53.51039685346633,0,103_WW505_WW405_
49.83545213633673,53.50801771901594,0,7_WW405_WW305_
49.83373887319827,53.50672013930103,0,8_WW405_WW305_
49.8327489113678,53.50575060475942,0,9_WW405_WW305_
49.83170706669627,53.50510810753054,0,10_WW405_WW305_
49.83110837710454,53.50414387129021,0,11_WW405_WW305_
49.82833328776009,53.50255308114836,0,12_WW405_WW305_
49.82768656909041,53.50191805001565,0,13_WW405_WW305_
49.82677908849618,53.50065183234414,0,14_WW405_WW305_
49.82581709065497,53.49970796948693,0,15_WW405_WW305_
49.82523802827073,53.4987665802885,0,16_WW405_WW305_
49.8233326580047,53.4968985894136,0,17_WW405_WW305_
49.82282374215536,53.49565900814652,0,18_WW405_WW305_
49.82156731649429,53.49442921457096,0,19_WW405_WW305_
49.82006937732894,53.49259583150445,0,20_WW405_WW305_
49.81944845786946,53.49198854838986,0,21_WW405_WW305_
49.81796756858704,53.49017530543888,0,22_WW405_WW305_
49.81674006392382,53.48897567807633,0,23_WW405_WW305_
49.81521513185126,53.48748534178916,0,24_WW405_WW305_
49.8146737417996,53.48659465673217,0,25_WW405_WW305_
49.81376676177992,53.48570895235113,0,26_WW405_WW305_
49.81293003246845,53.48453228129127,0,27_WW405_WW305_
49.81239698230093,53.48365363536622,0,28_WW405_WW305_
49.81199981149631,53.48219540875951,0,29_WW405_WW305_
49.81160533334717,53.48074703264819,0,30_WW405_WW305_
49.81114662012287,53.47959586465771,0,31_WW405_WW305_
49.8103287604193,53.47845213601377,0,32_WW405_WW305_
49.80958289939289,53.47703012274361,0,33_WW405_WW305_
49.80884202897543,53.47561757352479,0,34_WW405_WW305_
49.80832817217342,53.47477479233017,0,35_WW405_WW305_
49.8078845807521,53.47365548760199,0,36_WW405_WW305_
49.80779993499346,53.47254091134234,0,37_WW405_WW305_
49.80707278968433,53.47115804782744,0,38_WW405_WW305_
49.80720920269073,53.47060603792133,0,39_WW405_WW305_
49.80662389135533,53.46868893083055,0,40_WW405_WW305_
49.80654354022268,53.4676005064881,0,41_WW405_WW305_
49.80582903946173,53.46624995074942,0,42_WW405_WW305_
49.80581934107045,53.46490592293572,0,43_WW405_WW305_
49.80546076897745,53.46357172444262,0,44_WW405_WW305_
49.8054523040173,53.46224504946458,0,45_WW405_WW305_
49.80565551374337,53.46145251048954,0,46_WW405_WW305_
49.80605954399523,53.45987662599617,0,47_WW405_WW305_
49.80598227740646,53.4588338475772,0,48_WW405_WW305_
49.80618273180232,53.45805448334431,0,49_WW405_WW305_
49.80658130400718,53.45650471892756,0,50_WW405_WW305_
49.80691108848529,53.45522229983875,0,51_WW405_WW305_
49.80751427066954,53.45420121796433,0,52_WW405_WW305_
49.80811435452149,53.45318533079924,0,53_WW405_WW305_
49.80905048625209,53.45217359476236,0,54_WW405_WW305_
49.80998183393123,53.45116699137842,0,55_WW405_WW305_
49.81118361103957,53.45041390390136,0,56_WW405_WW305_
49.81158317819968,53.45016351324265,0,57_WW405_WW305_
49.81476135498095,53.44817176789985,0,8_WW305_WW205_
49.81594481901062,53.44743004227939,0,9_WW305_WW205_
49.81718164600204,53.44644637590429,0,10_WW305_WW205_
49.81802178960283,53.44571209886451,0,11_WW305_WW205_
49.81930415998701,53.44449471868639,0,12_WW305_WW205_
49.82052322140019,53.44352570464213,0,13_WW305_WW205_
49.82135075533884,53.44280233872413,0,14_WW305_WW205_
49.82294304213562,53.44160208350594,0,15_WW305_WW205_
49.82480204892147,53.44064558123317,0,16_WW305_WW205_
49.8262723063403,53.43993108804657,0,17_WW305_WW205_
49.82768677588521,53.43945502764855,0,18_WW305_WW205_
49.82914703816165,53.43874494370222,0,19_WW305_WW205_
49.82985069524015,53.4385082356207,0,20_WW305_WW205_
49.83195638768029,53.43779986582145,0,21_WW305_WW205_
49.83368192210833,53.4373281802355,0,22_WW305_WW205_
49.83438010246062,53.43709322169234,0,23_WW305_WW205_
49.83540312444993,53.43685766227875,0,24_WW305_WW205_
49.83707583752234,53.4366206131896,0,25_WW305_WW205_
49.8387463942643,53.43638385552396,0,26_WW305_WW205_
49.84078171356461,53.43591477285259,0,27_WW305_WW205_
49.84281191010034,53.43544684095195,0,28_WW305_WW205_
49.84451299755114,53.43498094845381,0,29_WW305_WW205_
49.84584764169624,53.4347471023908,0,30_WW305_WW205_
49.84790245020727,53.43405258219708,0,31_WW305_WW205_
49.84959084316083,53.43359010645042,0,32_WW305_WW205_
49.85055911198553,53.43358746187392,0,33_WW305_WW205_
49.85256440812179,53.43312522991187,0,34_WW305_WW205_
49.85585233951128,53.43266061071822,0,35_WW305_WW205_
49.85752449628669,53.43220152163076,0,36_WW305_WW205_
49.85916222605731,53.43197020102634,0,37_WW305_WW205_
49.8611480272812,53.43151190402204,0,38_WW305_WW205_
49.86307314532578,53.4315066248777,0,39_WW305_WW205_
49.86537197810382,53.43104857434925,0,40_WW305_WW205_
49.86697405644416,53.43104416738473,0,41_WW305_WW205_
49.86828038782328,53.4308151228896,0,42_WW305_WW205_
49.8698813214849,53.43081070624606,0,43_WW305_WW205_
49.87216723473648,53.43035432765,0,44_WW305_WW205_
49.87378739065191,53.43012522394668,0,45_WW305_WW205_
49.87702157968695,53.42966784921438,0,46_WW305_WW205_
49.87863561805663,53.42943957061045,0,47_WW305_WW205_
49.87895453474085,53.42943868567513,0,48_WW305_WW205_
49.88024762706573,53.42921157240997,0,49_WW305_WW205_
49.88185760815769,53.42898384113978,0,50_WW305_WW205_
49.88345005479734,53.42897940934606,0,51_WW305_WW205_
49.88570766140467,53.42852743042086,0,52_WW305_WW205_
49.88697991888125,53.42852388006619,0,53_WW305_WW205_
49.88858259353494,53.42829696389682,0,54_WW305_WW205_
49.88986561742721,53.42807121420659,0,55_WW305_WW205_
49.89114705259079,53.4278457289594,0,56_WW305_WW205_
49.89370515852038,53.42739557544523,0,57_WW305_WW205_
49.89560727575965,53.42739023790304,0,58_WW305_WW205_
49.89719953701982,53.42716467815739,0,59_WW305_WW205_
49.89815661600962,53.42694116274749,0,60_WW305_WW205_
49.89974532230875,53.42671613381846,0,61_WW305_WW205_
49.90228059922929,53.42648870275939,0,62_WW305_WW205_
49.90354875884385,53.42626510000103,0,63_WW305_WW205_
49.90449667057386,53.42626242041963,0,64_WW305_WW205_
49.90670833828042,53.42625615324345,0,65_WW305_WW205_
49.90955165362998,53.42624806495927,0,66_WW305_WW205_
49.91144703681784,53.42624265371931,0,67_WW305_WW205_
49.91302427463657,53.42601842245369,0,68_WW305_WW205_
49.91491502928854,53.4257935465488,0,69_WW305_WW205_
49.91617689492011,53.4257899260271,0,70_WW305_WW205_
49.92480129556065,53.4275985479607,0,9_WW205_
49.92526343100666,53.42799645803127,0,10_WW205_
49.92774730753058,53.42878763356136,0,11_WW205_
49.93075750982751,53.42957874524191,0,12_WW205_
49.93628004548319,53.43116906881135,0,13_WW205_
49.9413087578716,53.43276962456424,0,14_WW205_
49.94588279913901,53.43397220608485,0,15_WW205_
49.94950673033442,53.43436545333515,0,16_WW205_
49.9520481566134,53.43517286600114,0,17_WW205_
49.95309709445839,53.43516851920234,0,18_WW205_
49.95512138795092,53.43598017533656,0,19_WW205_
49.957711937994,53.4363802148729,0,20_WW205_
49.9623128516085,53.43800970188799,0,21_WW205_
49.96432795000889,53.43924352749666,0,22_WW205_
49.96899551364485,53.44047098941081,0,23_WW205_
49.97469359485622,53.44253645749647,0,24_WW205_
49.97728008367294,53.44378592654305,0,25_WW205_
49.97989740480399,53.44461781306667,0,26_WW205_
49.98252171045952,53.44545187542739,0,27_WW205_
49.98461931446945,53.44629046651666,0,28_WW205_
49.99045006254693,53.4475407342862,0,29_WW205_
49.99151951716699,53.44753601476324,0,30_WW205_
49.99310078300452,53.44838246396762,0,31_WW205_
49.99574898132053,53.44965519801231,0,32_WW205_
50.00002067471314,53.45092582576253,0,33_WW205_
50.00323690076623,53.4517740958329,0,34_WW205_
50.00591749535095,53.45349445390392,0,35_WW205_
50.009154412532,53.45478531272348,0,36_WW205_
50.01349094651331,53.45651456504077,0,37_WW205_
50.01621559403839,53.4578201312442,0,38_WW205_
50.02168202293854,53.4595607464446,0,39_WW205_
50.02333539504058,53.46043964478783,0,40_WW205_
50.02609737379061,53.46176122261346,0,41_WW205_
50.02941861705973,53.46308564761944,0,42_WW205_
50.03330255189374,53.46441290111065,0,43_WW205_
50.03773284615969,53.46529205264615,0,44_WW205_
50.04054599734874,53.46663354644894,0,45_WW205_
50.0428190765218,53.46798323240535,0,46_WW205_
50.04734051366818,53.46978445083492,0,47_WW205_
50.04905657127199,53.47069146563077,0,48_WW205_
50.05077746471984,53.47160100222158,0,49_WW205_
50.05479032486993,53.47342497045058,0,50_WW205_
50.05879071150781,53.47479483348808,0,51_WW205_
50.06288434815392,53.4771035085962,0,52_WW205_
50.06464204650325,53.47803097015974,0,53_WW205_
50.06873445881504,53.47989093682556,0,54_WW205_
50.07050805989184,53.48082625142843,0,55_WW205_
50.0722867442045,53.48176421038346,0,56_WW205_
50.08043167827941,53.48410220146279,0,57_WW205_
50.08352734749494,53.48648254352192,0,58_WW205_
50.08721511899651,53.48887708429042,0,59_WW205_
50.09018072532773,53.48983211107284,0,60_WW205_
50.09264462111983,53.49128003782909,0,61_WW205_
50.0949936642245,53.49175620155996,0,62_WW205_
50.09862174538988,53.49320649757065,0,63_WW205_
50.10284014580918,53.49466004929891,0,64_WW205_
50.10398903976135,53.49465406799845,0,65_WW205_
50.10765268686324,53.49611683814008,0,66_WW205_
50.11002964395749,53.49659979684182,0,67_WW205_
50.11306318155167,53.49757684595608,0,68_WW205_
50.11726103654645,53.49855060917179,0,69_WW205_
50.12097540779752,53.50003023333981,0,70_WW205_
50.12569345453793,53.50050643727602,0,71_WW205_
50.13059857843701,53.50198836201486,0,72_WW205_
50.13310543909649,53.50298401999361,0,73_WW205_